0 0 0 0 0
0 0 0 0 0
0 0 0 0 0
0 0 0 0 0
0 0 0 0 0
0 0 0 0 0
0 0 0 0 0
0 0 0 0 0
0 0 0 0 0
0 0 0 0 0
0 0 0 0 0
0 0 0 0 0
0 0 0 0 0
0 0 0 0 0
0 0 0 0 0
0 0 0 0 0
0 0 0 0 0
0 0 0 0 0
0 0 0 0 0
0 0 0 0 0
0 0 0 0 0
0 0 0 0 0
0 0 0 0 0
0 0 0 0 0
0 0 0 0 0
0 0 0 0 0
0 0 0 0 0
0 0 0 0 0
0 0 0 0 0
0 0 0 0 0
0 0 0 0 0
0 0 0 0 0
0 0 0 0 0
0 0 0 0 0
0 0 0 0 0
0 0 0 0 0
0 0 0 0 0
0 0 0 0 0
0 0 0 0 0
0 0 0 0 0
0 0 0 0 0
0 0 0 0 0
0 0 0 0 0
0 0 0 0 0
0 0 0 0 0
0 0 0 0 0
0 0 0 0 0
0 0 0 0 0
0 0 0 0 0
0 0 0 0 0
0 0 0 0 0
0 0 0 0 0
0 0 0 0 0
0 0 0 0 0
0 0 0 0 0
0 0 0 0 0
0 0 0 0 0
0 0 0 0 0
0 0 0 0 0
0 0 0 0 0
0 0 0 0 0
0 0 0 0 0
0 0 0 0 0
0 0 0 0 0
0 0 0 0 0
0 0 0 0 0
0 0 0 0 0
0 0 0 0 0
0 0 0 0 0
0 0 0 0 0
0 0 0 0 0
0 0 0 0 0
0 0 0 0 0
0 0 0 0 0
0 0 0 0 0
0 0 0 0 0
0 0 0 0 0
0 0 0 0 0
0 0 0 0 0
0 0 0 0 0
0 0 0 0 0
0 0 0 0 0
0 0 0 0 0
0 0 0 0 0
0 0 0 0 0
0 0 0 0 0
0 0 0 0 0
0 0 0 0 0
0 0 0 0 0
0 0 0 0 0
0 0 0 0 0
0 0 0 0 0
0 0 0 0 0
0 0 0 0 0
0 0 0 0 0
0 0 0 0 0
0 0 0 0 0
0 0 0 0 0
0 0 0 0 0
0 0 0 0 0
0 0 0 0 0
0 0 0 0 0
0 0 0 0 0
0 0 0 0 0
0 0 0 0 0
0 0 0 0 0
0 0 0 0 0
0 0 0 0 0
0 0 0 0 0
0 0 0 0 0
0 0 0 0 0
0 0 0 0 0
0 0 0 0 0
0 0 0 0 0
0 0 0 0 0
0 0 0 0 0
0 0 0 0 0
0 0 0 0 0
0 0 0 0 0
0 0 0 0 0
0 0 0 0 0
0 0 0 0 0
0 0 0 0 0
0 0 0 0 0
4.98 6.82 443.787 77.3994 -6.47594e-11
5.5 6.66 10.004 59.6659 -1.09236e-11
6.5 6.66 10.004 59.6659 -1.29095e-11
7.5 6.66 10.004 59.6659 -1.48956e-11
8.5 6.66 10.004 59.6659 -1.68816e-11
9.5 6.66 10.004 59.6659 -1.88677e-11
10.5 6.66 10.004 59.6659 -2.08539e-11
11.5 6.66 10.004 59.6659 -2.28399e-11
12.5 6.66 10.004 59.6659 -2.48259e-11
13.5 6.66 10.004 59.6659 -2.68121e-11
14.5 6.66 10.004 59.6659 -2.87981e-11
15.02 6.82 443.787 77.3994 -1.95321e-10
0 0 0 0 0
0 0 0 0 0
0 0 0 0 0
0 0 0 0 0
0 0 0 0 0
0 0 0 0 0
0 0 0 0 0
0 0 0 0 0
4.98 7.5 59.6659 10.004 -1.11382e-11
0 0 0 0 0
0 0 0 0 0
0 0 0 0 0
0 0 0 0 0
0 0 0 0 0
0 0 0 0 0
0 0 0 0 0
0 0 0 0 0
0 0 0 0 0
0 0 0 0 0
15.02 7.5 59.6659 10.004 -3.35934e-11
0 0 0 0 0
0 0 0 0 0
0 0 0 0 0
0 0 0 0 0
0 0 0 0 0
0 0 0 0 0
0 0 0 0 0
0 0 0 0 0
4.98 8.5 59.6659 10.004 -1.26232e-11
0 0 0 0 0
0 0 0 0 0
0 0 0 0 0
0 0 0 0 0
0 0 0 0 0
0 0 0 0 0
0 0 0 0 0
0 0 0 0 0
0 0 0 0 0
0 0 0 0 0
15.02 8.5 59.6659 10.004 -3.80725e-11
0 0 0 0 0
0 0 0 0 0
0 0 0 0 0
0 0 0 0 0
0 0 0 0 0
0 0 0 0 0
0 0 0 0 0
0 0 0 0 0
4.98 9.5 59.6659 10.004 -1.41083e-11
0 0 0 0 0
0 0 0 0 0
0 0 0 0 0
0 0 0 0 0
9.41 9.25 458.777 458.777 -6.35615e-09
0 0 0 0 0
11.99 9.25 6250 1041.67 -1.60328e-07
12.0762 9.25 552.2 437.158 -9.8147e-15
0 0 0 0 0
0 0 0 0 0
15.02 9.5 59.6659 10.004 -4.25516e-11
0 0 0 0 0
0 0 0 0 0
0 0 0 0 0
0 0 0 0 0
0 0 0 0 0
0 0 0 0 0
0 0 0 0 0
0 0 0 0 0
4.97958 10.4867 60.3836 10.125 0.0849133
5.5 10.76 10.004 59.6659 -1.76481e-11
6.5 10.76 10.004 59.6659 -2.08568e-11
7.55513 10.7619 8.58287 50.3451 -0.336121
8.05458 10.77 964.017 431.655 -3.20612e-08
0 0 0 0 0
10.74 10.77 410.655 440.476 -1.22678e-08
0 0 0 0 0
0 0 0 0 0
13.5415 10.7661 21.0681 107.062 1.92707
14.5 10.76 10.004 59.6659 -4.65266e-11
15.02 10.5 59.6659 10.004 -4.70307e-11
0 0 0 0 0
0 0 0 0 0
0 0 0 0 0
0 0 0 0 0
0 0 0 0 0
0 0 0 0 0
0 0 0 0 0
0 0 0 0 0
4.98 11.5 59.6659 10.004 -1.70785e-11
0 0 0 0 0
0 0 0 0 0
0 0 0 0 0
0 0 0 0 0
0 0 0 0 0
0 0 0 0 0
0 0 0 0 0
0 0 0 0 0
0 0 0 0 0
0 0 0 0 0
15.02 11.5 59.6659 10.004 -5.15098e-11
0 0 0 0 0
0 0 0 0 0
0 0 0 0 0
0 0 0 0 0
0 0 0 0 0
0 0 0 0 0
0 0 0 0 0
0 0 0 0 0
4.98 12.5 59.6659 10.004 -1.85636e-11
5.5 12.92 10.004 53.3049 -1.89317e-11
6.5 12.92 10.004 53.3049 -2.23736e-11
7.37 12.92 18.2749 89.1266 -9.09368e-11
8.67 12.92 22.9779 106.914 -2.44414e-10
9.71 12.92 9.27988 49.8504 -1.28863e-11
10.23 12.92 19.9362 95.6023 -5.59359e-11
11.36 12.92 19.305 93.1677 -1.46534e-11
12.66 12.92 21.645 102.041 -5.01386e-12
13.74 12.92 12.3824 64.2674 -3.13677e-11
14.5 12.92 10.004 53.3049 -4.99108e-11
15.02 12.5 59.6659 10.004 -5.5989e-11
0 0 0 0 0
0 0 0 0 0
0 0 0 0 0
0 0 0 0 0
0 0 0 0 0
0 0 0 0 0
0 0 0 0 0
0 0 0 0 0
4.98 13.18 443.787 77.3994 -1.25152e-10
5.5 13.18 10.004 36.4609 -1.55033e-11
6.5 13.18 10.004 36.4609 -1.8322e-11
7.38879 13.186 19.0854 89.814 -4.88957
8.64293 13.1887 21.6611 89.7044 7.71638
9.66 13.2029 8.76172 31.9155 1.89293
10.2943 13.2029 13.3078 40.564 -4.5747
11.3807 13.1866 19.7299 89.721 -5.52577
12.6352 13.188 21.0227 89.6608 6.93864
13.6829 13.2029 10.4256 35.413 2.83055
14.5 13.18 10.004 36.4609 -4.08723e-11
15.02 13.18 443.787 77.3994 -3.77466e-10
0 0 0 0 0
0 0 0 0 0
0 0 0 0 0
0 0 0 0 0
0 0 0 0 0
0 0 0 0 0
0 0 0 0 0
0 0 0 0 0
0 0 0 0 0
0 0 0 0 0
0 0 0 0 0
0 0 0 0 0
0 0 0 0 0
0 0 0 0 0
0 0 0 0 0
0 0 0 0 0
0 0 0 0 0
0 0 0 0 0
0 0 0 0 0
0 0 0 0 0
0 0 0 0 0
0 0 0 0 0
0 0 0 0 0
0 0 0 0 0
0 0 0 0 0
0 0 0 0 0
0 0 0 0 0
0 0 0 0 0
0 0 0 0 0
0 0 0 0 0
0 0 0 0 0
0 0 0 0 0
0 0 0 0 0
0 0 0 0 0
0 0 0 0 0
0 0 0 0 0
0 0 0 0 0
0 0 0 0 0
0 0 0 0 0
0 0 0 0 0
0 0 0 0 0
0 0 0 0 0
0 0 0 0 0
0 0 0 0 0
0 0 0 0 0
0 0 0 0 0
0 0 0 0 0
0 0 0 0 0
0 0 0 0 0
0 0 0 0 0
0 0 0 0 0
0 0 0 0 0
0 0 0 0 0
0 0 0 0 0
0 0 0 0 0
0 0 0 0 0
0 0 0 0 0
0 0 0 0 0
0 0 0 0 0
0 0 0 0 0
0 0 0 0 0
0 0 0 0 0
0 0 0 0 0
0 0 0 0 0
0 0 0 0 0
0 0 0 0 0
0 0 0 0 0
0 0 0 0 0
0 0 0 0 0
0 0 0 0 0
0 0 0 0 0
0 0 0 0 0
0 0 0 0 0
0 0 0 0 0
0 0 0 0 0
0 0 0 0 0
0 0 0 0 0
0 0 0 0 0
0 0 0 0 0
0 0 0 0 0
0 0 0 0 0
0 0 0 0 0
0 0 0 0 0
0 0 0 0 0
0 0 0 0 0
0 0 0 0 0
0 0 0 0 0
0 0 0 0 0
0 0 0 0 0
0 0 0 0 0
0 0 0 0 0
0 0 0 0 0
0 0 0 0 0
0 0 0 0 0
0 0 0 0 0
0 0 0 0 0
0 0 0 0 0
0 0 0 0 0
0 0 0 0 0
0 0 0 0 0
0 0 0 0 0
0 0 0 0 0
0 0 0 0 0
0 0 0 0 0
0 0 0 0 0
0 0 0 0 0
0 0 0 0 0
0 0 0 0 0
0 0 0 0 0
0 0 0 0 0
0 0 0 0 0
0 0 0 0 0
0 0 0 0 0
0 0 0 0 0
0 0 0 0 0
0 0 0 0 0
0 0 0 0 0
0 0 0 0 0
0 0 0 0 0
0 0 0 0 0
0 0 0 0 0
0 0 0 0 0
0 0 0 0 0
0 0 0 0 0
