0 0 0 0 0
0 0 0 0 0
0 0 0 0 0
0 0 0 0 0
0 0 0 0 0
0 0 0 0 0
0 0 0 0 0
0 0 0 0 0
0 0 0 0 0
0 0 0 0 0
0 0 0 0 0
0 0 0 0 0
0 0 0 0 0
0 0 0 0 0
0 0 0 0 0
0 0 0 0 0
0 0 0 0 0
0 0 0 0 0
0 0 0 0 0
0 0 0 0 0
0 0 0 0 0
0 0 0 0 0
0 0 0 0 0
0 0 0 0 0
0 0 0 0 0
0 0 0 0 0
0 0 0 0 0
0 0 0 0 0
0 0 0 0 0
0 0 0 0 0
0 0 0 0 0
0 0 0 0 0
5.20034 7.04034 15.2894 7.9404 6.56367
7 6.66 2.94147 147.798 -1.01257e-11
9 6.66 2.94147 147.798 -1.30187e-11
11 6.66 2.94147 147.798 -1.59119e-11
13 6.66 2.94147 147.798 -1.88049e-11
14.7997 7.04034 15.2894 7.9404 -6.56367
0 0 0 0 0
0 0 0 0 0
0 0 0 0 0
0 0 0 0 0
4.98 9 147.798 2.94147 -9.7348e-12
0 0 0 0 0
9.41 9.25 458.777 458.777 -6.35615e-09
11.99 9.25 62500 1225.49 -1.88621e-06
12.0762 9.25 552.2 437.158 -9.8147e-15
15.02 9 147.798 2.94147 -2.93608e-11
0 0 0 0 0
0 0 0 0 0
0 0 0 0 0
0 0 0 0 0
5.15554 10.9214 11.7133 4.36642 1.39398
7.05977 10.761 2.66545 130.901 -0.314339
8.05458 10.77 964.017 431.655 -3.20612e-08
10.74 10.77 410.655 440.476 -1.22678e-08
13.5415 10.7661 25.573 709.125 15.318
14.8467 10.92 11.8134 4.4192 -1.39395
0 0 0 0 0
0 0 0 0 0
0 0 0 0 0
0 0 0 0 0
5.45075 13.0602 10.9166 21.4907 -4.08115
6.88136 13.1027 3.84053 43.7356 -0.452337
9.05397 13.1153 3.18478 40.814 0.247691
10.9621 13.1137 2.97919 41.1281 -0.156481
13.052 13.1148 3.09528 40.9219 0.228757
14.5492 13.0602 10.9166 21.4907 4.08115
0 0 0 0 0
0 0 0 0 0
0 0 0 0 0
0 0 0 0 0
0 0 0 0 0
0 0 0 0 0
0 0 0 0 0
0 0 0 0 0
0 0 0 0 0
0 0 0 0 0
0 0 0 0 0
0 0 0 0 0
0 0 0 0 0
0 0 0 0 0
0 0 0 0 0
0 0 0 0 0
0 0 0 0 0
0 0 0 0 0
0 0 0 0 0
0 0 0 0 0
0 0 0 0 0
0 0 0 0 0
0 0 0 0 0
0 0 0 0 0
0 0 0 0 0
0 0 0 0 0
0 0 0 0 0
0 0 0 0 0
0 0 0 0 0
0 0 0 0 0
0 0 0 0 0
0 0 0 0 0
